Problem 1-1, using f1

=======Newton-Raphson Method=======

i		xn1				|f(xn1)|			|f'(xn1)|
0	2.000000000000000000e+00	6.931471805599452862e-01	5.000000000000000000e-01
1	6.137056388801094275e-01	2.410051936968863551e+00	4.402034398875246168e+00
2	1.161191578014217463e+00	5.541528684818869399e-01	2.538801181624207093e+00
3	1.379465018444619995e+00	6.336790712116141533e-02	1.965988671906669927e+00
4	1.411697099954889012e+00	1.307704588356217723e-03	1.884973055383128093e+00
5	1.412390852358734517e+00	6.020053046063011948e-07	1.883237607592555207e+00


=======Secant Method=======

i		xn1				xn0				|f(xn1)|			|f(xn0)|
0	3.000000000000000000e+00	2.000000000000000000e+00	9.861228866810978211e-02	6.931471805599452862e-01
1	3.165864594345878302e+00	3.000000000000000000e+00	2.068140604892474421e-01	9.861228866810978211e-02
2	3.053552312374423927e+00	3.165864594345878302e+00	6.333130563376920819e-03	2.068140604892474421e-01
3	3.056889388233051452e+00	3.053552312374423927e+00	3.826801845447924677e-04	6.333130563376920819e-03
4	3.057103999350549994e+00	3.056889388233051452e+00	8.030440239448211059e-07	3.826801845447924677e-04

Problem 1-1, using f2

=======Newton-Raphson Method=======

i		xn1				|f(xn1)|			|f'(xn1)|
0	1.000000000000000000e+00	1.999999999999999778e+00	7.283185307179586232e+00
1	7.253948766031741435e-01	2.061954496396030123e-01	5.086526317245398943e+00
2	6.848573001159521390e-01	1.275048612703755246e-02	4.447257468978523143e+00
3	6.819902553774863652e-01	6.796019281551934910e-05	4.399803342525201444e+00
4	6.819748091887536390e-01	1.980263064638165815e-09	4.399546933215402689e+00


=======Secant Method=======

i		xn1				xn0				|f(xn1)|			|f(xn0)|
0	3.000000000000000000e+00	2.500000000000000000e+00	3.999999999999999112e+00	1.500000000000000000e+00
1	2.200000000000000178e+00	3.000000000000000000e+00	2.024429495415053015e+00	3.999999999999999112e+00
2	1.380214731606201450e+00	2.200000000000000178e+00	4.240263953302908284e+00	2.024429495415053015e+00
3	2.948971779608973165e+00	1.380214731606201450e+00	3.629723533154477266e+00	4.240263953302908284e+00
4	1.227538848688165274e+01	2.948971779608973165e+00	1.175299242821561130e+01	3.629723533154477266e+00
5	-1.218354778173031505e+00	1.227538848688165274e+01	1.485220789254710461e+00	1.175299242821561130e+01
6	2.955344221970623853e-01	-1.218354778173031505e+00	3.058487749376159748e-01	1.485220789254710461e+00
7	6.881341716430324773e-01	2.955344221970623853e-01	2.741198104339992447e-02	3.058487749376159748e-01
8	6.558413297877809800e-01	6.881341716430324773e-01	1.092101741623199285e-01	2.741198104339992447e-02
9	6.816549094220496485e-01	6.558413297877809800e-01	1.406562464840499516e-03	1.092101741623199285e-01
10	6.819917108670571215e-01	6.816549094220496485e-01	7.436407827698943152e-05	1.406562464840499516e-03
11	6.819747985298877380e-01	6.819917108670571215e-01	4.491391680794265540e-08	7.436407827698943152e-05

Problem 1-2

=======Newton-Raphson Method=======

i		xn1				|f(xn1)|			|f'(xn1)|
0	4.000000000000000000e+00	1.461599999999968702e+00	2.500000000000142109e-01
1	9.846399999999542629e+00	2.384506005202103552e+03	1.386534172005102619e+03
2	8.126640001763215437e+00	7.490634404261442114e+02	5.891885070978344174e+02
3	6.855292323724134995e+00	2.338798817955862432e+02	2.519159276035933885e+02
4	5.926887819807209468e+00	7.215429434251899465e+01	1.090322668428108983e+02
5	5.265117717874521652e+00	2.170392183983546630e+01	4.842423682959953624e+01
6	4.816914023592057781e+00	6.151477500949631860e+00	2.281570139352886883e+01
7	4.547298051904491878e+00	1.486669115710306244e+00	1.234945265642967627e+01
8	4.426914650544895302e+00	2.247113466335193266e-01	8.716889073822144951e+00
9	4.401135803902421095e+00	9.087710209264798777e-03	8.016260648743369188e+00
10	4.400002144381171654e+00	1.712508936435597207e-05	7.986057083517906108e+00
11	4.400000000007648460e+00	6.128431095930864103e-11	7.986000000203617333e+00


=======Newton-Raphson Method=======

i		xn1				|f(xn1)|			|f'(xn1)|
0	4.000000000000000000e+00	1.461599999999968702e+00	2.500000000000142109e-01
1	9.846399999999542629e+00	2.384506005202103552e+03	1.386534172005102619e+03
2	8.126640001763215437e+00	7.490634404261442114e+02	5.891885070978344174e+02
3	6.855292323724134995e+00	2.338798817955862432e+02	2.519159276035933885e+02
4	5.926887819807209468e+00	7.215429434251899465e+01	1.090322668428108983e+02
5	5.265117717874521652e+00	2.170392183983546630e+01	4.842423682959953624e+01
6	4.816914023592057781e+00	6.151477500949631860e+00	2.281570139352886883e+01
7	4.547298051904491878e+00	1.486669115710306244e+00	1.234945265642967627e+01
8	4.426914650544895302e+00	2.247113466335193266e-01	8.716889073822144951e+00
9	4.401135803902421095e+00	9.087710209264798777e-03	8.016260648743369188e+00
10	4.400002144381171654e+00	1.712508936435597207e-05	7.986057083517906108e+00
11	4.400000000007648460e+00	6.128431095930864103e-11	7.986000000203617333e+00


=======Newton-Raphson Method=======

i		xn1				|f(xn1)|			|f'(xn1)|
0	2.500000000000000000e+00	6.383999999999971919e-01	1.450000000000002842e+00
1	2.059724137931037369e+00	3.907641462744990690e-01	2.860556280153844000e+00
2	2.196328388295055056e+00	9.790032971913831261e-03	2.670796129507337469e+00
3	2.199993974321540424e+00	1.604039999136830374e-05	2.662014581902226951e+00
4	2.199999999983496046e+00	4.394706820676219650e-11	2.662000000039938641e+00


=======Newton-Raphson Method=======

i		xn1				|f(xn1)|			|f'(xn1)|
0	1.000000000000000000e+00	9.384000000000014552e-01	1.084999999999999432e+01
1	1.086488479262673001e+00	1.103492074945009449e-01	8.349301260359169419e+00
2	1.099705059195944523e+00	2.356555268455906571e-03	7.993853046710128751e+00
3	1.099999855116595704e+00	1.157039150712080300e-06	7.986003856796628497e+00
4	1.099999999999965672e+00	2.771116669464390725e-13	7.986000000000913701e+00

Problem 1-4

=======Newton-Raphson Method=======

i		xn1				|f(xn1)|			|f'(xn1)|
0	1.000000000000000000e+00	1.000000000000000000e+00	1.000000000000000000e+00
1	2.000000000000000000e+00	3.068528194400547138e-01	5.000000000000000000e-01
2	2.613705638880109206e+00	3.923100059562012465e-02	3.825985547586255864e-01
3	2.716243926355790261e+00	7.499834542036287743e-04	3.681554481528599987e-01
4	2.718281064358138099e+00	2.810970541888835328e-07	3.678795445812840792e-01


=======Newton-Raphson Method=======

i		xn1				|f(xn1)|			|f'(xn1)|
0	1.000000000000000000e+00	1.000000000000000000e+00	1.000000000000000000e+00
1	2.000000000000000000e+00	3.068528175354003906e-01	5.000000000000000000e-01
2	2.613705635070800781e+00	3.923100233078002930e-02	3.825985491275787354e-01
3	2.716243982315063477e+00	7.499628700315952301e-04	3.681554496288299561e-01
4	2.718281030654907227e+00	2.934957876732369186e-07	3.678795397281646729e-01

