100 0.010101
0.000000 0.109884
0.010101 0.124627
0.020202 0.146734
0.030303 0.175463
0.040404 0.213407
0.050505 0.256177
0.060606 0.301668
0.070707 0.354368
0.080808 0.441533
0.090909 0.531327
0.101010 0.606175
0.111111 0.733340
0.121212 0.890354
0.131313 1.047375
0.141414 1.224134
0.151515 1.393289
0.161616 1.540998
0.171717 1.668098
0.181818 1.761770
0.191919 1.847845
0.202020 1.925055
0.212121 1.991054
0.222222 2.045706
0.232323 2.089195
0.242424 2.127833
0.252525 2.155264
0.262626 2.177159
0.272727 2.182070
0.282828 2.148861
0.292929 2.070038
0.303030 1.972396
0.313131 1.824375
0.323232 1.664988
0.333333 1.540150
0.343434 1.437337
0.353535 1.371907
0.363636 1.312981
0.373737 1.253684
0.383838 1.196143
0.393939 1.138349
0.404040 1.089756
0.414141 1.040342
0.424242 0.994052
0.434343 0.954808
0.444444 0.919640
0.454545 0.887874
0.464646 0.860493
0.474748 0.837903
0.484849 0.817863
0.494950 0.801206
0.505050 0.788915
0.515151 0.780062
0.525253 0.774224
0.535354 0.772268
0.545455 0.775067
0.555556 0.784680
0.565657 0.800120
0.575758 0.819163
0.585859 0.841156
0.595960 0.901645
0.606061 0.988038
0.616162 1.087608
0.626263 1.165688
0.636364 1.222267
0.646465 1.280154
0.656566 1.328659
0.666667 1.357196
0.676768 1.384229
0.686869 1.407448
0.696970 1.424546
0.707071 1.435493
0.717172 1.440476
0.727273 1.436280
0.737374 1.420047
0.747475 1.370293
0.757576 1.294423
0.767677 1.210011
0.777778 1.106024
0.787879 1.004970
0.797980 0.918599
0.808081 0.832715
0.818182 0.750341
0.828283 0.668924
0.838384 0.592964
0.848485 0.525886
0.858586 0.462632
0.868687 0.407207
0.878788 0.361258
0.888889 0.320686
0.898990 0.283489
0.909091 0.249983
0.919192 0.217490
0.929293 0.187836
0.939394 0.162003
0.949495 0.139047
0.959596 0.118231
0.969697 0.098204
0.979798 0.077205
0.989899 0.058907
1.000000 0.046267
