1000
0.294046087241441
0.616120187689376
0.357221230653522
0.380240967577265
0.150761965378479
0.837805920462415
0.773542164337414
0.191786008297640
0.851909613040334
0.117600936609961
0.320899481906963
0.492967608952313
0.347954424221825
0.177721204861882
0.425456704258977
0.143864336299885
0.336793315516843
0.179886241130589
0.206548608774028
0.514382221379492
0.179623548749078
0.753624945202318
0.805956920085009
0.398983853658137
0.747998701168399
0.235841656809498
0.181072539526212
0.835987384831242
0.257959918257257
0.305737850161677
0.625006685826520
0.685695341322571
0.177809705935942
0.577899518924823
0.208276697150723
0.412625372708135
0.283618129011302
0.212286654576019
0.631509680017189
0.393552316709247
0.662037429348857
0.357085672971152
0.437469853895891
0.344812691771949
0.461802669873578
0.308950875194569
0.781407980000949
0.176887225818064
0.301928091103036
0.733226125965302
0.491793009183311
0.407302921128576
0.753717163293913
0.257227333415358
0.250838654457766
0.223317624891934
0.756506509620522
0.238028960848169
0.709323741764820
0.238130148842174
0.655446050812316
0.606246412615292
0.688910241398844
0.265000840845460
0.000000000007276
0.680108143285906
0.081854578886123
0.365659279610554
0.198773749674729
0.750812416568806
0.655538286402589
0.279400265011645
0.623253973455576
0.616161999998440
0.314422822768393
0.616161999998440
0.711511001260078
0.208105888457794
0.783249745967623
0.668841566897754
0.206189286378503
0.182359563281352
0.173368055438914
0.869794521648146
0.329988629971922
0.171716999997443
0.139008680671395
0.269523837596353
0.318645525396278
0.555265483948460
0.518746221052425
0.334679132509336
0.900572355742042
0.239674577031110
0.332364977955876
0.244641699049680
0.250810273668321
0.291229713904613
0.273549034893222
0.350614961032989
0.328396846256510
0.545455000006768
0.371001225626969
0.357651021324273
0.473716689702997
0.621669369291340
0.287548858796072
0.353242226810835
0.210334307841549
0.741540382638050
0.563023029426404
0.806136438222893
0.258804541961581
0.696210999616596
0.304152538745257
0.264202190875949
0.088881668962131
0.682580697277444
0.260730432019045
0.160074731647910
0.713993568417209
0.365073656656023
0.555555999999342
0.273941245563037
0.714375314310018
0.668483193912834
0.637951199780218
0.430818944842031
0.476014797292009
0.712296315185085
0.106369608285604
0.049080881566624
0.683627948157664
0.609582405646506
0.320487805300218
0.532348419874324
0.326316909537127
0.488699519373768
0.270783303007192
0.227201398251054
0.299769499986724
0.390841489432205
0.238028960848169
0.365542031293444
0.352090195890923
0.776774507387017
0.461275831359671
0.231522454654623
0.623574191158696
0.307999490665679
0.041800103885180
0.645501680024609
0.729597109784663
0.780583793814003
0.490772264631232
0.178533832302492
0.792844648436585
0.522556697593245
0.723298783770588
0.812090734230878
0.689126518111152
0.694923454102536
0.448862639874278
0.115853063536633
0.626263000005565
0.836037349748949
0.153387756050506
0.359264206424996
0.443287296271592
0.529230064836156
0.647845847430290
0.764893168437993
0.779429207606881
0.665859266628104
0.741518577146053
0.168760314576502
0.615867260035884
0.544261982729950
0.302482870458334
0.762050030018145
0.288721842713130
0.563176348136039
0.223734194871213
0.284060019046592
0.342437211489596
0.276848038272874
0.593668473135040
0.348475229438918
0.596987559991248
0.703572072619863
0.862148226246063
0.197646972759685
0.154519692026952
0.125475100918266
0.758001500005776
0.768963855814945
0.327258231751330
0.055259743465285
0.138386169557634
0.413618007434707
0.490206101996591
0.229454941632866
0.503987745782069
0.702228465052031
0.171464172548440
0.082057253057428
0.644253141224908
0.381246711091080
0.275343897439598
0.266639729125018
0.131490185311122
0.725039581731835
0.456918703734118
0.831989863923809
0.118830675848585
0.773277015534404
0.721198254461342
0.219688849254453
0.544577101922187
0.273647065805562
0.252537337051763
0.128980236848292
0.272098367240687
0.684716923053202
0.749388822230685
0.355420271494950
0.416826014501567
0.291963177980506
0.788459352894279
0.104666276303760
0.806893964589108
0.247226119965489
0.330665830908401
0.882923817363917
0.323661144495418
0.605217248237750
0.121212000005471
0.237363549131260
0.141909271864279
0.208788542448019
0.780019043486391
0.328702170845645
0.286222716713382
0.114744602404244
0.653594811963558
0.290688245186175
0.467020373362175
0.285318315342010
0.485513246989285
0.220379086655157
0.651754343984067
0.198886146601581
0.606061000005866
0.547682714422990
0.183496751269558
0.285017513575440
0.784153556080128
0.180253395148611
0.388114452864102
0.437211324206146
0.097711869457271
0.773012493322312
0.291786962443439
0.120625290604949
0.228896221866307
0.524328122141014
0.223540832674189
0.556348247097048
0.453071499527141
0.180008705407090
0.178145626625337
0.551795488150674
0.283846112419269
0.545443496659573
0.461240739554341
0.693009949718544
0.154307119177247
0.440264779732388
0.871634912364243
0.356927622553485
0.380818689831358
0.191107385289797
0.699708179141453
0.695524554226722
0.588882445190393
0.476234046749596
0.613016803843493
0.234810175352322
0.221112949431699
0.252143072932085
0.295712476327026
0.111222214320151
0.251746303176333
0.211626681375492
0.871248285424372
0.171716999997443
0.340802071710641
0.122834355330269
0.463247136744030
0.228071662430011
0.276018228505563
0.885805828220327
0.219869033426221
0.233222848713922
0.654637668580108
0.656550848529150
0.433098165471165
0.785985117683595
0.422173901220958
0.760720604834205
0.324066294786462
0.874792418180732
0.553122833451198
0.057844140610541
0.204543382038537
0.381599847401958
0.662604722463584
0.413004365327652
0.271412903130113
0.681837801843358
0.111110999998346
0.257847247841710
0.230321147471841
0.668819175967656
0.127884413777792
0.124510471745452
0.371458376866940
0.575893780267506
0.696125224589196
0.259887432250252
0.487685178144602
0.294179511554830
0.659145070363593
0.674962157594564
0.546031793630391
0.233805888281495
0.456711029131839
0.643118558815331
0.543710438643757
0.452661466471909
0.724402602842019
0.318505086725054
0.166989215802460
0.403297408156504
0.324676329553768
0.753049671482586
0.614821280039905
0.734767600755731
0.249688417963625
0.671164872495865
0.280036336807825
0.227791579847690
0.827715206753055
0.620775530165702
0.621723365802609
0.185837691933557
0.364093269039586
0.270671364844020
0.497072807884251
0.663329873270413
0.282629403991450
0.470173787056410
0.769834143233311
0.323992539961182
0.136160230678797
0.192264395307575
0.671855357933964
0.707878825029184
0.390445899851329
0.616753135596809
0.640611439688655
0.260660209118214
0.440036198306188
0.657955679744191
0.254008868505480
0.513366475563089
0.363813948242750
0.163097642369394
0.680130068569269
0.861257732642116
0.261783185931563
0.254941598170262
0.178850855743804
0.592633741827740
0.716685931409302
0.230863570039219
0.842191345334868
0.775578249253158
0.359766373374441
0.392857832914160
0.156183124861855
0.312612168090709
0.280573944524804
0.244784706526843
0.601517068171233
0.182566788302211
0.224536553454527
0.305911660056154
0.070706999998947
0.158208922286576
0.438538905102178
0.793480589061801
0.243625596478523
0.162980180852173
0.820296017438523
0.246669972410018
0.222766597908048
0.616161999998440
0.647157173232699
0.144560668042686
0.294520865310915
0.251831341978686
0.630306052065862
0.583269955408468
0.157860403465747
0.210288049660448
0.695546014139836
0.623360789722938
0.601484910817817
0.254659045014705
0.639014296153618
0.666444541682722
0.638124620127201
0.358263155379973
0.298085867711052
0.728851791856869
0.523619271596544
0.590927860124793
0.068824638889055
0.331737344800786
0.652384762863221
0.099167289481557
0.892667888096184
0.726866238190269
0.200326751226385
0.293025930550357
0.184422583253763
0.778786840826797
0.219598724746902
0.180602401705983
0.342458296894620
0.310858635995828
0.762877765599114
0.543040560216468
0.214577664148237
0.218199018207088
0.575757999999041
0.615218232494954
0.253344118966197
0.195654536662914
0.159409354855597
0.710003454565594
0.647822129503766
0.771256031912344
0.283618129011302
0.656969875017239
0.266177539269847
0.121212000005471
0.804993034245854
0.508576814994740
0.851849136030069
0.744081278913654
0.349870197846030
0.403102098302043
0.288055078795878
0.135072889330331
0.811179429430922
0.746179390269390
0.874712025201006
0.288649288479064
0.487797779664106
0.188572693608876
0.151719338973635
0.712678283307469
0.304402419664257
0.273885201248049
0.201457400580694
0.700840767996851
0.267521959256555
0.143695292499615
0.810463885456556
0.646465000005264
0.796420960796240
0.441541886619234
0.663375158597773
0.314727739329101
0.675890552323835
0.857617297508114
0.253230925889511
0.552693632846058
0.317110416297510
0.769091430200206
0.341449699233635
0.000000000007276
0.503408690907236
0.304012186075852
0.384986663317250
0.256169773470901
0.510365069021645
0.724848475751060
0.179184909589821
0.739108480462164
0.644012228694919
0.765339269048127
0.332581452545128
0.256917231898115
0.282260363652313
0.090233312868804
0.731345728308952
0.158024560972990
0.416055496891204
0.129879513733613
0.677405251852178
0.674187215983693
0.383654641052999
0.730492314709409
0.714226863514341
0.295086045349308
0.779317219734367
0.636363999998139
0.622825934151479
0.562601170080598
0.266219558492594
0.816860681217804
0.424932834430365
0.587920256533835
0.626263000005565
0.277890294768440
0.416558997727407
0.339267784838739
0.622557777074690
0.745382468368916
0.090908999998646
0.323771518706053
0.114744602404244
0.362802815878240
0.443816473467450
0.705127244124014
0.709175033443898
0.684390434769739
0.249901550901996
0.247240375007095
0.725124521115504
0.266275583526294
0.129431418747117
0.654799535179336
0.484241818216105
0.439286511078535
0.677427275433729
0.477002320978499
0.584254904613772
0.421566520097258
0.264244228637835
0.219899055715359
0.357379481683893
0.408043120398361
0.191355908995320
0.388244728856080
0.274417813758191
0.880737902894907
0.725379351766605
0.469059942937747
0.273255029118445
0.876089409503038
0.731559209649276
0.497761019440077
0.772564231076103
0.699579900152457
0.689602129503328
0.574206743076502
0.332699687285640
0.188505584701488
0.210673318921181
0.235289837299206
0.712550966163690
0.320523541107832
0.254687303931860
0.260491654080397
0.450112042897672
0.723702061462973
0.221217670397891
0.377598371480417
0.869340379264031
0.703444168881106
0.121212044636195
0.509820439707255
0.230673058467801
0.700007448176621
0.818891843031452
0.612001066176163
0.086265855934471
0.724360141750367
0.185531608898600
0.772485311004857
0.137388506940624
0.455743628437631
0.566206313123985
0.602286068584363
0.709196277959563
0.696017993504938
0.680108143285906
0.206314317074430
0.248707265614939
0.843327860602585
0.204386153527594
0.455123239451495
0.142279782914557
0.719204990811704
0.263585591768788
0.215915152562957
0.256987717970333
0.297016026022902
0.389683276924188
0.203109521586157
0.697975357463292
0.769423781392106
0.211457754550793
0.270055655018950
0.377995180453581
0.329969334030466
0.311980729318748
0.187530123475881
0.304793799667095
0.297859389007499
0.287823546335858
0.697482905430661
0.139906361386238
0.359949252851948
0.204055702393816
0.489602914443822
0.250597385362198
0.233849591233593
0.326467068218335
0.772590550048335
0.020202000006975
0.444048321362061
0.473353639972629
0.348692601146467
0.203913967743574
0.881431440131564
0.220319116277096
0.320505671727005
0.203156902520277
0.189493311198021
0.709302498180477
0.305029182163707
0.208028216053208
0.115853063536633
0.260533795495576
0.796453713359369
0.569734327633341
0.291919113158656
0.639900321555615
0.298600130314298
0.151514999997744
0.749704204637965
0.642949077519006
0.691156783512270
0.068913155279006
0.772801323713793
0.882306187981158
0.762438983787433
0.665859266628104
0.679384162955103
0.754271488673112
0.434054072007712
0.674696594658599
0.529230064836156
0.418853840536030
0.665205616074672
0.696969999997236
0.171820494557323
0.304090141573397
0.120555985115061
0.196417777195165
0.506482100645371
0.183582649151504
0.417301497414883
0.177951220124669
0.282019180558564
0.208292220406292
0.233252015452308
0.595959999998740
0.111110999998346
0.846776387879800
0.479831428936450
0.665318378072698
0.532703830125683
0.695588932307146
0.455605662333255
0.158045062045858
0.423546707104833
0.318522631780070
0.715838210999209
0.732007687336591
0.129401436694025
0.577120775480580
0.793959925860690
0.283603886338824
0.256014570426487
0.803301790445403
0.106414892405155
0.571807184365753
0.339970706940221
0.380944489101239
0.280389976520382
0.627566093105997
0.491112276409694
0.193186201671779
0.585273677024816
0.618585479860485
0.741627621384396
0.842191345334868
0.187513265896996
0.117380986739590
0.239314115366142
0.766811065848742
0.533572744017874
0.187850163645635
0.654521991171350
0.299617261371168
0.805064117601432
0.133406101092987
0.305658921344730
0.474407452398736
0.260730432019045
0.185888662577781
0.412887680700806
0.377202289404522
0.143743629385426
0.791991784652055
0.133854931744281
0.381246711091080
0.321007134501997
0.336570414168818
0.139446177439822
0.369229876618192
0.635481989869731
0.719819811543857
0.289448462332075
0.309323664994736
0.405717062698386
0.101179882265569
0.480569405975984
0.108849143398402
0.643045939963486
0.641905098316784
0.235275308245036
0.180480322866060
0.073157201732101
0.808900091760734
0.267017849015247
0.410278900097182
0.783133690922114
0.199431353590626
0.771204016171396
0.313680872663099
0.701694908166246
0.224432620096195
0.531756139782374
0.310252237723034
0.172204068156134
0.268683997470362
0.733161955919059
0.578454784394125
0.661696728573588
0.752705403683649
0.896851767996850
0.457542524854944
0.671766315339482
0.148247989527590
0.429436289814475
0.191041063990269
0.348888422326127
0.220708752967766
0.281225322985847
0.125793301187514
0.240610680622922
0.269481849325530
0.540201646050264
0.054150352203578
0.748513148282655
0.792622916342225
0.245956387843762
0.521219836686214
0.572783614305081
0.226018853318237
0.837195150925254
0.434607450202748
0.504876634229731
0.645645291479013
0.574617829195631
0.612843362097919
0.304934979059908
0.686869000004663
0.120590648461075
0.620312915038085
0.446948420030822
0.686869000004663
0.177632661630923
0.247967040319054
0.223064529542171
0.364606267110503
0.222945379275188
0.379915119141515
0.386919779761229
0.327959198570170
0.760072221812152
0.850173822887882
0.152827617050207
0.722980439830280
0.358081612946989
0.573570659304096
0.149828311048623
0.761009666013706
0.370521055294375
0.266443654407340
0.354569668699696
0.435440556488174
0.693655439208669
0.376289111896767
0.405660635231470
0.302405727845326
0.723298783770588
0.000000000007276
0.287389956523839
0.225115197135892
0.273535031657957
0.567385563372227
0.823343553631275
0.849407485016854
0.263305291366123
0.293942370532022
0.790274009945279
0.540083295316435
0.713420855892764
0.252454681416566
0.284102820405678
0.731367074135051
0.794698939695081
0.111110999998346
0.674364448335837
0.801534835183702
0.204134414605505
0.118543816817692
0.139855382738460
0.587311087256239
0.642900630286022
0.405491439152684
0.680239683097170
0.080808000006073
0.169003352406435
0.357922880451952
0.145463589862629
0.727915703224426
0.269523837596353
0.185718712491507
0.550074553982995
0.813822655269178
0.730876249574067
0.274431835663563
0.653850099050032
0.237696355346998
0.235914223412692
0.792370040806418
0.833043736733089
0.598121232040285
0.251817169490096
0.186499351730163
0.277777538889495
0.647656045250187
0.103339077199053
0.652128101755807
0.124510471745452
0.630383083327615
0.513249348558020
0.714735806228418
0.854742409683240
0.169040702479833
0.620476359479653
0.357832225177845
0.244155278771359
0.051283567270730
0.810313897825836
0.393124656351574
0.332345316950523
0.759808855269512
0.158106540526205
0.266709753741452
0.117965530072979
0.749298814123904
0.215884808530973
0.268795985241013
0.316333517701423
0.387308584271523
0.470281752066512
0.270097637920117
0.391635001280520
0.252749711544311
0.700071568418934
0.387698125494353
0.353020196918806
0.274263592400530
0.568940223027312
0.775551213220751
0.647276036710537
0.728766652311606
0.111635586545162
0.431386791846307
0.483348543151806
0.161610939881939
0.890023800959170
0.541187707181962
0.564401277217257
0.336327631106542
0.686869000004663
0.326373198964575
0.328778614748444
0.253485592220386
0.171716999997443
0.792686223860073
0.368515847752860
0.352709744583990
0.262758655146172
0.046969097988040
0.117123229014396
0.543316411953128
0.726016510532645
0.191918999997142
0.778675508983724
0.506520847280626
0.184388366200437
0.441706060257275
0.300899559537356
0.756811387233029
0.225930044711276
0.510481818440894
0.752224549367384
0.431955938300234
0.159490234953410
0.334120365303534
0.292154209855653
0.439286511078535
0.132298205695406
0.690833135835419
0.761734744090063
0.672411523883056
0.435793790464231
0.687416399850918
0.422569603986631
0.691976130583498
0.230174442236603
0.636007826011337
0.138905327832617
0.538149522486492
0.410077311127679
0.423057608350064
0.320935354153335
0.481938121833082
0.394749189050344
0.287000318385253
0.621290833929379
0.308176337166515
0.277270376063825
0.254856840627326
0.315715843404178
0.667159506898315
0.084106161033560
0.212684783204168
0.570903894869843
0.400909401847457
0.732093137317861
0.434895546168264
0.306466223824827
0.331288154433423
0.271706686289690
0.098650557447399
0.156579077527567
0.069966255636245
0.383578179455071
0.070226961375738
0.765836528116779
0.264188178211043
0.209639691711345
0.607624351752747
0.119682397278666
0.761347602856404
0.552147053072986
0.741365985471930
0.844039156705549
0.273395015618007
0.759737106847751
0.170100701412593
0.429154412508069
0.747998701168399
0.756576818399481
0.343007619383570
0.388688288912817
0.261334146060108
0.233426983213576
