100 5.212121
9.000000 37.000000
14.212121 77.090576
19.424242 132.745163
24.636364 193.879364
29.848484 234.744949
35.060604 278.037445
40.272728 324.089325
45.484848 373.915588
50.696968 417.870117
55.909088 439.481720
61.121208 457.425659
66.333328 472.444427
71.545456 484.433350
76.757576 491.811188
81.969696 496.699310
87.181816 500.763428
92.393936 503.686249
97.606056 505.150299
102.818176 504.838226
108.030296 502.432617
113.242416 496.578827
118.454544 481.485870
123.666664 460.583649
128.878784 436.769867
134.090912 412.942291
139.303024 374.072388
144.515152 329.622192
149.727264 284.119598
154.939392 234.993652
160.151505 162.160156
165.363632 107.483009
170.575745 77.999542
175.787872 70.058273
181.000000 63.782452
186.212112 58.683308
191.424240 54.272060
196.636353 51.977573
201.848480 50.659801
207.060593 49.496189
212.272720 48.464649
217.484833 47.543095
222.696960 46.709442
227.909088 45.941612
233.121201 45.217514
238.333328 44.515064
243.545441 43.812183
248.757568 43.086781
253.969681 42.316776
259.181824 41.573250
264.393921 40.865524
269.606049 40.151421
274.818176 39.435966
280.030304 38.724205
285.242401 38.021164
290.454529 37.331879
295.666656 36.661385
300.878784 36.014717
306.090912 35.396908
311.303009 34.812996
316.515137 34.268013
321.727264 33.766991
326.939392 33.314968
332.151489 32.919052
337.363617 32.634296
342.575745 32.466156
347.787872 32.391468
353.000000 32.387077
358.212097 32.429821
363.424225 32.496540
368.636353 32.564083
373.848480 32.609287
379.060577 32.608990
384.272705 32.540039
389.484833 32.379276
394.696960 32.103539
399.909088 31.689672
405.121185 31.114515
410.333313 30.328487
415.545441 29.332687
420.757568 28.162380
425.969666 26.850325
431.181793 25.429277
436.393921 23.931999
441.606049 22.391247
446.818176 20.839779
452.030273 19.310350
457.242401 17.835724
462.454529 16.448654
467.666656 15.181901
472.878784 14.068220
478.090881 13.140372
483.303009 12.071931
488.515137 11.193836
493.727264 10.544194
498.939362 10.079366
504.151489 9.755711
509.363617 9.529587
514.575745 9.357354
519.787842 9.195373
525.000000 9.000001
