100 5.797980
12.000000 19.000000
17.797979 21.549210
23.595959 25.371548
29.393940 30.339190
35.191917 36.899895
40.989899 44.295368
46.787880 52.161167
52.585857 61.273315
58.383839 76.345070
64.181816 91.871185
69.979797 104.813026
75.777779 126.801102
81.575760 153.950150
87.373741 181.100540
93.171715 211.663727
98.969696 240.912140
104.767677 266.452362
110.565659 288.429108
116.363640 304.625885
122.161613 319.508942
127.959595 332.859192
133.757584 344.271118
139.555557 353.720917
145.353531 361.240570
151.151520 367.921295
156.949493 372.664368
162.747482 376.450256
168.545456 377.299500
174.343430 371.557343
180.141418 357.928162
185.939392 341.044922
191.737381 315.450745
197.535355 287.891327
203.333328 266.305634
209.131317 248.528351
214.929291 237.214966
220.727280 227.026215
226.525253 216.773148
232.323227 206.823807
238.121216 196.830750
243.919189 188.428482
249.717178 179.884369
255.515152 171.880417
261.313141 165.094849
267.111115 159.013992
272.909088 153.521439
278.707062 148.786987
284.505066 144.881012
290.303040 141.415833
296.101013 138.535660
301.898987 136.410507
307.696960 134.879700
313.494965 133.870331
319.292938 133.532089
325.090912 134.015976
330.888885 135.678131
336.686859 138.347824
342.484863 141.640610
348.282837 145.443405
354.080811 155.902557
359.878784 170.840607
365.676758 188.057205
371.474762 201.557953
377.272736 211.340958
383.070709 221.350021
388.868683 229.737061
394.666656 234.671371
400.464661 239.345566
406.262634 243.360428
412.060608 246.316727
417.858582 248.209656
423.656555 249.071274
429.454559 248.345749
435.252533 245.538849
441.050507 236.935852
446.848480 223.817398
452.646454 209.221680
458.444458 191.241455
464.242432 173.768341
470.040405 158.833954
475.838379 143.983856
481.636353 129.740707
487.434357 115.662994
493.232330 102.528801
499.030304 90.930397
504.828278 79.993217
510.626251 70.409721
516.424255 62.464813
522.222229 55.449554
528.020203 49.017773
533.818176 43.224224
539.616150 37.605896
545.414124 32.478489
551.212097 28.011778
557.010132 24.042463
562.808105 20.443180
568.606079 16.980310
574.404053 13.349435
580.202026 10.185499
586.000000 7.999999
